%YAML:1.0
---
CameraMat: !!opencv-matrix
   rows: 3
   cols: 3
   dt: d
   data: [ 6.3579622024489004e+02, 0., 3.2965316179866204e+02, 0.,
       6.3071109708820518e+02, 2.3304428323245463e+02, 0., 0., 1. ]
DistCoeff: !!opencv-matrix
   rows: 1
   cols: 5
   dt: d
   data: [ 7.2784526366425573e-02, 1.9663789463123419e-02,
       -8.1476891942605413e-03, 3.2013267037133341e-04,
       -4.7790499073930798e-01 ]
ImageSize: [ 640, 480 ]
CameraExtrinsicMat: !!opencv-matrix
   rows: 4
   cols: 4
   dt: d
   data: [ -2.1759216783704627e-02, 1.1000339952063559e-01,
       9.9369300519771353e-01, -2.9819169967744885e-01,
       -9.9863049921023683e-01, 4.4908841610591388e-02,
       -2.6838815031738184e-02, -1.7255940376866258e-02,
       -4.7577962672573249e-02, -9.9291613343680640e-01,
       1.0887556855800562e-01, 8.0068448762843236e-01, 0., 0., 0., 1. ]
Pose: [ 5.0902978301338073e-04, -6.1939914048780222e-02,
    4.4749064695750192e-02, 1.5834395057033490e+00,
    5.9043390911951765e-02, 1.5379021184281692e+00 ]
